233168
4613732
6857
906609
232792560
25164150
104743
23514624000
31875000
142913828922
70600674
76576500
5537376230
837799
137846528820
1366
21124
1074
171
648
31626
871198282
4179871
2783915460
4782
983
-59231
669171001
9183
443839
73682
45228
100
40730
55
872187
748317
932718654
840
210
7652413
162
16695334890
5482660
1533776805
5777
134043
9110846700
296962999629
997651
121313
142857
4075
376
249
972
153
26241
129448
26033
28684
127035954683
49
1322
272
661
7273
6531031914842725
510510
8319823
428570
303963552391
7295372
402
161667
190569291
71
55374
73162890
40886
427337
260324
425185
101524
2772
1818
1097343
7587457
743
1217
14234
8581146
1258
518408346
14316
24702
8739992577
18769
709
756872327473
37076114526
228
20313839404245
329468
73702
21384
259679
180180
38182
9350130049860600
612407567715
1587000
51161058134250
16475640049
168
20492570929
100808458960497
44680
248155780267521
333082500
2269
1582
21035
21417
2906969179
18522
18407904

1000023
149253
173
843296

18613426663617118
4989
2544559
1120149658760
1118049290473932
10057761
5673835352990

1006193


608720
676333270


52852124





3857447
21295121502550
53490

14489159
16576
20574308184277971
3D58725572C62302
343047
378158756814587
2868868
7130034

59206
178653872807

142989277
227485267000992000
1572729
209566



126461847755
986262
285196020571078987
83735848679360680
399788195976
48861552


2325629
17427258
95962097
10834893628237824
371048281
1918080160
57060635927998347
684465067343069


322303240771079935
1.710637717



115039000
1209002624
34029210557338
2944730
0.5731441
1389019170
44043947822



1922364685


1677366278943
806844323190414
5437849
6273134
0


1884161251122450



2009





7526965179680

271204031455541309

1.002322108633

15836928





892371480
96356848
288084712410001
810834388
782252












167542057




209110240768

0.999992836187



4617456485273129588
8495585919506151122

1601912348822


1125977393124310
1228215747273908452



1098988351


157055.80999
52.6494571953
313135496



4037526









2178309

1111981904675169
283988410192

852938
0.7311720251




324681947
2057774861813004

13625242




278157919195482643
2470433131948040

6.3551758451











5032316
CAGBIHEFJDK





5943040885644
269533451410884183

13938
336108797689259276
11109800204052
1004195061
115384615384614952



1.2759860331



1739023853137
3284144505






162619462356610313











732385277



139602943319822











112398351350823112

















































































75780067

















6.818741802










694687





315306518862563689

50660591862310323


















4515432351156203105








500000000002845






























30510390701978















2240













1617243








319.30207833


0.3916721504




634212216



3010983666182123972
3679796



















968274154






538319652











860873428





2811077773















922058210

193060223